10.0   71.62 
50.0   87.09 
70.0   73.00 
75.0   68.35 
80.0   63.70 
85.0   59.46 
90.0   55.00 
95.0   50.91 
100.0  47.05 
104.0  44.06 
108.0  41.12 
112.0  38.25 
116.0  35.41 
120.0  32.62 
125.0  29.16 
130.0  25.74 
135.0  22.33 
140.0  18.90 
145.0  15.48 
150.0  12.10 
155.0  8.83 
160.0  5.88 
165.0  3.53 
170.0  1.99 
180.0  0.82 
190.0  0.61 
200.0  0.55 
250.0  0.35 
300.0  0.28 
350.0  0.28 
400.0  0.31 
450.0  0.34 
500.0  0.35 
550.0  0.35 
600.0  0.34 
650.0  0.34 
700.0  0.32 
750.0  0.30 
800.0  0.29 
850.0  0.28 
900.0  0.27 
950.0  0.26 
1000.0 0.25 
1050.0 0.25 
1100.0 0.25 
1150.0 0.25 
1200.0 0.25 
1250.0 0.25 
1300.0 0.26 
1350.0 0.25 
1400.0 0.25 
2000.0 0.31 
2500.0 0.38 
3000.0 0.51 
